teleportenabled: true
teleportauto: false
godmode: false
muted: false
jailed: false
ip-address: 0:0:0:0:0:0:0:1%0
afk: false
socialspy: false
npc: false
powertoolsenabled: true
accepting-pay: true
baltop-exempt: false
timestamps:
  lastteleport: 1768037118941
  lastheal: 0
  mute: 0
  jail: 0
  onlinejail: 0
  logout: 1768037211356
  login: 1768035915614
  kits:
    opkit: 1765455124217
    dtools: 1765274949896
    tools: 1765281514456
money: '73491.52'
last-account-name: XxSM00THxX
lastlocation:
  world: 8d9f7df2-d8a3-4d01-9340-98ce4bfe7760
  world-name: world
  x: -386.10405089455577
  y: 69.0
  z: 705.6754063834094
  yaw: -57.806793212890625
  pitch: 3.3262805938720703
logoutlocation:
  world: 8d9f7df2-d8a3-4d01-9340-98ce4bfe7760
  world-name: world
  x: 1.9176499300000012E7
  y: 73.0
  z: -2.3329544699999988E7
  yaw: -20.008399963378906
  pitch: 35.143035888671875
homes:
  home:
    world: 8d9f7df2-d8a3-4d01-9340-98ce4bfe7760
    world-name: world
    x: -385.36898386271986
    y: 69.0
    z: 706.9627628270131
    yaw: -179.84957885742188
    pitch: 19.35000228881836
  mine:
    world: 8d9f7df2-d8a3-4d01-9340-98ce4bfe7760
    world-name: world
    x: 47.07873707157302
    y: 67.0
    z: 335.18843754183916
    yaw: -359.25
    pitch: 6.599992752075195
  ss:
    world: 8d9f7df2-d8a3-4d01-9340-98ce4bfe7760
    world-name: world
    x: 96.12398643507787
    y: 68.0
    z: 279.613794523288
    yaw: 174.00048828125
    pitch: 8.400142669677734
  blaze:
    world: d24e40bb-2d5e-4aeb-aaf2-6b717cce30d9
    world-name: world_nether
    x: -111.72622940042302
    y: 77.0
    z: 86.37421426104116
    yaw: 17.240867614746094
    pitch: 11.999983787536621
  sss:
    world: 8d9f7df2-d8a3-4d01-9340-98ce4bfe7760
    world-name: world
    x: 1.4677555391038178E7
    y: 70.49064323361056
    z: -1.9109638277085308E7
    yaw: -34.31439208984375
    pitch: 33.89994430541992
nickname: §0§l§m§oXx§6§l§oSM§e§l§o§m00§6§l§oTH§0§l§m§oxX
