teleportenabled: true
teleportauto: false
godmode: false
muted: false
jailed: false
ip-address: 0:0:0:0:0:0:0:1%0
afk: false
socialspy: false
npc: false
powertoolsenabled: true
accepting-pay: true
baltop-exempt: false
timestamps:
  lastteleport: 1770124120689
  lastheal: 0
  mute: 0
  jail: 0
  onlinejail: 0
  logout: 1770125142782
  login: 1770124919017
  kits:
    dtools: 1770123238469
    opkit: 1770125126231
    tools: 1770123430742
    artmap: 1770118825775
    bow: 1770120612833
    firework: 1770118743073
    color: 1770118779131
    notch: 1770118795708
    starter: 1770120632834
money: '75000'
last-account-name: Vex42
lastlocation:
  world: 8d9f7df2-d8a3-4d01-9340-98ce4bfe7760
  world-name: world
  x: 4.310418548708061
  y: 67.0
  z: 253.81791271451127
  yaw: 70.80035400390625
  pitch: 11.999982833862305
logoutlocation:
  world: 8d9f7df2-d8a3-4d01-9340-98ce4bfe7760
  world-name: world
  x: -65.42062003638205
  y: 60.0
  z: 244.23237209282718
  yaw: 206.2498779296875
  pitch: 34.35000991821289
homes:
  home:
    world: 8d9f7df2-d8a3-4d01-9340-98ce4bfe7760
    world-name: world
    x: -2.8523254273882808
    y: 67.0
    z: 256.46056215978007
    yaw: -147.75003051757812
    pitch: 14.699994087219238
  spawner:
    world: d6698210-a44c-4be3-8091-be5a69f93971
    world-name: world_nether
    x: -111.30000001192093
    y: 75.0
    z: 86.48484009971914
    yaw: -105.159423828125
    pitch: 18.449962615966797
nickname: §0§mVex§0§l42
