teleportenabled: true
teleportauto: false
godmode: false
muted: false
jailed: false
ip-address: 0:0:0:0:0:0:0:1%0
afk: false
socialspy: false
npc: false
powertoolsenabled: true
accepting-pay: true
baltop-exempt: false
timestamps:
  lastteleport: 1767370309904
  lastheal: 0
  mute: 0
  jail: 0
  onlinejail: 0
  logout: 1768141709262
  login: 1768141394940
  kits:
    tools: 1760310358197
    opkit: 1765466511679
    artmap: 1767364991263
    dtools: 1765188214861
    firework: 1765364499091
    notch: 1765289552479
    pots1: 1765453578613
    night: 1765453743336
    pot1: 1765454530551
    bow: 1767360687000
    starter: 1767361290795
money: '90.0'
last-account-name: PRO_BRO
logoutlocation:
  world: 7f9eaaa3-582f-484c-a7be-9817aacb71f6
  world-name: world
  x: -44.30000001192094
  y: 74.0
  z: 218.4559374959174
  yaw: 306.15008544921875
  pitch: 23.399986267089844
lastlocation:
  world: 7f9eaaa3-582f-484c-a7be-9817aacb71f6
  world-name: world
  x: 1.9176827363561954E7
  y: 65.0
  z: -2.332972758378583E7
  yaw: 90.63427734375
  pitch: 7.049992561340332
homes:
  home:
    world: 7f9eaaa3-582f-484c-a7be-9817aacb71f6
    world-name: world
    x: 1.9176790070589907E7
    y: 103.0
    z: -2.3329589983671866E7
    yaw: 292.5341796875
    pitch: 7.724190711975098
  a:
    world: 8d9f7df2-d8a3-4d01-9340-98ce4bfe7760
    world-name: world
    x: 1.917679169969719E7
    y: 103.0
    z: -2.3329589005078677E7
    yaw: 292.5341796875
    pitch: 7.724190711975098
  red:
    world: 8d9f7df2-d8a3-4d01-9340-98ce4bfe7760
    world-name: world
    x: 444.30497708763545
    y: 6.0
    z: -541.7436913464625
    yaw: -100.01463317871094
    pitch: -11.246356964111328
  k:
    world: 8d9f7df2-d8a3-4d01-9340-98ce4bfe7760
    world-name: world
    x: 1.4677568521179244E7
    y: 79.7283502290349
    z: -1.9109638841414925E7
    yaw: 318.486572265625
    pitch: 19.199918746948242
nickname: §4§mPRO§0§l_BRO
