teleportenabled: true
teleportauto: false
godmode: false
muted: false
jailed: false
ip-address: 0:0:0:0:0:0:0:1%0
afk: false
socialspy: false
npc: false
powertoolsenabled: true
accepting-pay: true
baltop-exempt: false
timestamps:
  lastteleport: 1768311820703
  lastheal: 0
  mute: 0
  jail: 0
  onlinejail: 0
  logout: 1768312920698
  login: 1768312766797
  kits:
    opkit: 1768037019119
    tools: 1765468558026
    dtools: 1768038235877
money: '18134.55'
last-account-name: unknown3211
lastlocation:
  world: 8d9f7df2-d8a3-4d01-9340-98ce4bfe7760
  world-name: world
  x: -27.85167202287311
  y: 7.0
  z: -82.02994337229026
  yaw: -270.34539794921875
  pitch: 48.327205657958984
logoutlocation:
  world: 8d9f7df2-d8a3-4d01-9340-98ce4bfe7760
  world-name: world
  x: 8.7210660971798
  y: 67.0
  z: 318.6231400494685
  yaw: -24.73406982421875
  pitch: 23.041643142700195
nickname: §0§lunknown§4§m3211
homes:
  home:
    world: 8d9f7df2-d8a3-4d01-9340-98ce4bfe7760
    world-name: world
    x: -684.2788142714111
    y: 16.0
    z: 37.945946670902586
    yaw: 5.1279296875
    pitch: 34.75596237182617
  ag:
    world: 8d9f7df2-d8a3-4d01-9340-98ce4bfe7760
    world-name: world
    x: 1.9176764450069267E7
    y: 78.0
    z: -2.332957316902615E7
    yaw: 89.086181640625
    pitch: 19.659461975097656
  am:
    world: 8d9f7df2-d8a3-4d01-9340-98ce4bfe7760
    world-name: world
    x: 1.917676035732986E7
    y: 78.0
    z: -2.332957315113823E7
    yaw: 89.086181640625
    pitch: 19.659461975097656
