teleportenabled: true
teleportauto: false
godmode: false
muted: false
jailed: false
ip-address: 0:0:0:0:0:0:0:1%0
afk: false
socialspy: false
npc: false
powertoolsenabled: true
accepting-pay: true
baltop-exempt: false
timestamps:
  lastteleport: 1768568909528
  lastheal: 0
  mute: 0
  jail: 0
  onlinejail: 0
  logout: 1768568964583
  login: 1768568656498
  kits:
    opkit: 1768037019119
    tools: 1765468558026
    dtools: 1768038235877
money: '18773.55'
last-account-name: unknown3211
lastlocation:
  world: 8d9f7df2-d8a3-4d01-9340-98ce4bfe7760
  world-name: world
  x: 8.621778358894405
  y: 58.0
  z: 344.84308298516726
  yaw: -62.8669319152832
  pitch: 27.727373123168945
logoutlocation:
  world: 8d9f7df2-d8a3-4d01-9340-98ce4bfe7760
  world-name: world
  x: -34.98798413194826
  y: 67.0
  z: 204.92908377319873
  yaw: -86.5819320678711
  pitch: 22.412633895874023
nickname: §0§lunknown§4§m3211
homes:
  home:
    world: 8d9f7df2-d8a3-4d01-9340-98ce4bfe7760
    world-name: world
    x: 9.683278791468862
    y: 67.0
    z: 337.0677694244546
    yaw: 32.359188079833984
    pitch: 12.588309288024902
  ag:
    world: 8d9f7df2-d8a3-4d01-9340-98ce4bfe7760
    world-name: world
    x: 9.5
    y: 67.0
    z: 337.5
    yaw: 32.359188079833984
    pitch: 12.588309288024902
  am:
    world: 8d9f7df2-d8a3-4d01-9340-98ce4bfe7760
    world-name: world
    x: -8.986118225618892
    y: 10.0
    z: 465.32432541364216
    yaw: 92.6199951171875
    pitch: 8.667682647705078
