teleportenabled: true
teleportauto: false
godmode: false
muted: false
jailed: false
ip-address: 0:0:0:0:0:0:0:1%0
afk: false
socialspy: false
npc: false
powertoolsenabled: true
accepting-pay: true
baltop-exempt: false
timestamps:
  lastteleport: 1768481886710
  lastheal: 0
  mute: 0
  jail: 0
  onlinejail: 0
  logout: 1768481907813
  login: 1768480523721
  kits:
    opkit: 1768037019119
    tools: 1765468558026
    dtools: 1768038235877
money: '18773.55'
last-account-name: unknown3211
lastlocation:
  world: 8d9f7df2-d8a3-4d01-9340-98ce4bfe7760
  world-name: world
  x: 1.917676464143869E7
  y: 78.0
  z: -2.332957295885088E7
  yaw: 294.390380859375
  pitch: 9.553301811218262
logoutlocation:
  world: 8d9f7df2-d8a3-4d01-9340-98ce4bfe7760
  world-name: world
  x: -53.674054356346595
  y: 27.0
  z: 241.57631595939728
  yaw: 145.96340942382812
  pitch: 37.626609802246094
nickname: §0§lunknown§4§m3211
homes:
  home:
    world: 8d9f7df2-d8a3-4d01-9340-98ce4bfe7760
    world-name: world
    x: -684.2788142714111
    y: 16.0
    z: 37.945946670902586
    yaw: 5.1279296875
    pitch: 34.75596237182617
  ag:
    world: 8d9f7df2-d8a3-4d01-9340-98ce4bfe7760
    world-name: world
    x: 1.9176764450069267E7
    y: 78.0
    z: -2.332957316902615E7
    yaw: 89.086181640625
    pitch: 19.659461975097656
  am:
    world: 8d9f7df2-d8a3-4d01-9340-98ce4bfe7760
    world-name: world
    x: -8.986118225618892
    y: 10.0
    z: 465.32432541364216
    yaw: 92.6199951171875
    pitch: 8.667682647705078
