jails:
  a:
    world: 8d9f7df2-d8a3-4d01-9340-98ce4bfe7760
    world-name: world
    x: 1.9176791538800932E7
    y: 98.0
    z: -2.3329585394776188E7
    yaw: 178.384765625
    pitch: 7.499992847442627
