jails:
  a:
    world: 8d9f7df2-d8a3-4d01-9340-98ce4bfe7760
    world-name: world
    x: 1.917679136521809E7
    y: 98.0
    z: -2.3329588588542048E7
    yaw: 180.52099609375
    pitch: 10.293123245239258
