spawns:
  default:
    world: 8d9f7df2-d8a3-4d01-9340-98ce4bfe7760
    world-name: world
    x: -38.52924009138104
    y: 70.0
    z: 192.67562817474303
    yaw: -268.04998779296875
    pitch: -0.9000079035758972
  '*':
    world: 8d9f7df2-d8a3-4d01-9340-98ce4bfe7760
    world-name: world
    x: -37.99914165072224
    y: 70.0
    z: 192.14943737283042
    yaw: -359.25
    pitch: 6.599992752075195
  all:
    world: 8d9f7df2-d8a3-4d01-9340-98ce4bfe7760
    world-name: world
    x: -37.96556934404579
    y: 70.0
    z: 191.96986353499238
    yaw: -358.199951171875
    pitch: 6.1499924659729
