world: 8d9f7df2-d8a3-4d01-9340-98ce4bfe7760
world-name: world
x: 1.917670440360042E7
y: 83.0
z: -2.332959094288963E7
yaw: -85.31527709960938
pitch: 13.649856567382812
name: arena
lastowner: b5584e1b-4b62-3c2f-a050-06703efbcf83
