world: 8d9f7df2-d8a3-4d01-9340-98ce4bfe7760
world-name: world
x: 1.917702554793697E7
y: 91.0
z: -2.332947443139498E7
yaw: 0.333953857421875
pitch: 31.34988784790039
name: art
lastowner: b5584e1b-4b62-3c2f-a050-06703efbcf83
