world: 8d9f7df2-d8a3-4d01-9340-98ce4bfe7760
world-name: world
x: -54.28473810236204
y: 27.0
z: 243.5673919845652
yaw: 267.599853515625
pitch: 10.649991035461426
name: diam
lastowner: b5584e1b-4b62-3c2f-a050-06703efbcf83
