world: 8d9f7df2-d8a3-4d01-9340-98ce4bfe7760
world-name: world
x: -41.593265517594276
y: 68.0
z: 246.82128942955964
yaw: 183.8997802734375
pitch: 4.500012397766113
name: hall
lastowner: 8e14acd1-e07b-325d-b471-591f40e14e91
