world: 8d9f7df2-d8a3-4d01-9340-98ce4bfe7760
world-name: world
x: 1.9176500882570047E7
y: 73.0
z: -2.3329542804409407E7
yaw: -2.509735107421875
pitch: 16.94997787475586
name: pvp1
lastowner: b5584e1b-4b62-3c2f-a050-06703efbcf83
