world: 8d9f7df2-d8a3-4d01-9340-98ce4bfe7760
world-name: world
x: -63.363468621783525
y: 59.0
z: 244.40484840377783
yaw: 273.2999267578125
pitch: 10.500003814697266
name: shop
lastowner: b5584e1b-4b62-3c2f-a050-06703efbcf83
