world: 8d9f7df2-d8a3-4d01-9340-98ce4bfe7760
world-name: world
x: -38.63771649960027
y: 70.0
z: 220.31132596129024
yaw: 86.25003051757812
pitch: 22.349994659423828
name: spawn
lastowner: b5584e1b-4b62-3c2f-a050-06703efbcf83
