world: 8d9f7df2-d8a3-4d01-9340-98ce4bfe7760
world-name: world
x: 1.91767664226277E7
y: 78.0
z: -2.3329572535293393E7
yaw: 270.03448486328125
pitch: 5.399991989135742
name: tags
lastowner: b5584e1b-4b62-3c2f-a050-06703efbcf83
