# do not touch the config version below, it will break the plugin!
configversion: 1.0
duelarenas:
  end:
    pos1:
      world: world
      x: 19176681
      y: 0
      z: -23329532
    pos2:
      world: world
      x: 19176697
      y: 12
      z: -23329512
    spawnpoint1:
      world: world
      x: 1.9176689548266526E7
      y: 1.0
      z: -2.3329526699999988E7
      yaw: 2.28466796875
      pitch: 2.549942970275879
    spawnpoint2:
      world: world
      x: 1.917668947855189E7
      y: 1.0
      z: -2.3329516300000012E7
      yaw: 185.2845458984375
      pitch: 11.84995174407959
